50
   0.6736990809135760E+00
   0.2432639117727258E+01
   0.5038145445965729E+00
  -0.1882711216030941E+01
  -0.1032492799004856E+01
  -0.1086271020719595E+01
   0.6276171633577315E+00
  -0.7321186598758840E-02
  -0.1775801718453067E+01
  -0.1420510819185166E+01
   0.1104778917848354E+01
   0.6644166452256454E+00
   0.1026191299819991E+01
  -0.1576336734967174E+01
   0.8011493819255583E+00
  -0.6411243186355681E+00
  -0.1909606376052267E+00
   0.1635242310884454E+01
  -0.4265961214358777E+00
  -0.9514701948953391E+00
   0.2698368555310104E+00
  -0.6890926807646297E+00
   0.1581537558858150E+01
  -0.1565319424115121E+01
  -0.4753367507560157E+00
   0.3144773294985767E+00
  -0.1239203748423533E+01
   0.4116947940464945E-02
  -0.2717668180729403E-01
   0.6879689233618719E-01
  -0.6916910118483622E+00
  -0.9447335981189052E+00
  -0.1596574305697260E+01
  -0.1107712531271330E+01
  -0.2108523537075630E+01
  -0.6921707696349806E+00
   0.2164179808260644E+01
  -0.6536846994476866E+00
   0.1303729308370337E+01
   0.2044353513933389E+01
  -0.1084209811872773E+01
   0.2693237261960777E+00
   0.2172439938287885E+00
  -0.9610612008109725E+00
  -0.1556246238121370E+01
  -0.1208711530413838E+01
   0.8733116211072344E+00
   0.1298636845187024E+01
  -0.2605836431807360E+00
   0.5494330306958715E+00
   0.2050990430655091E+01
  -0.1045896817799006E+01
   0.1185015603517664E+01
   0.4495061252927925E+00
  -0.1161169264464648E+01
  -0.1007554286545461E+01
  -0.1056299259648827E+01
  -0.6273383536722006E+00
   0.1693524526587817E+00
   0.3451856535849127E+00
   0.8066413298378160E+00
   0.2734216478048258E+00
  -0.1951345858159967E+01
  -0.1719715402808577E+01
  -0.1069237649914868E+01
  -0.8673845965045603E+00
  -0.6460591040246007E+00
   0.1582085916395132E+01
   0.1041754290052377E+01
  -0.2001304600120233E+01
   0.1438898884789219E+01
  -0.1012992075083549E+01
  -0.7941142907829252E+00
  -0.1615696231898326E+01
   0.1244155361038809E+01
  -0.1087211028435338E+01
   0.1272949915143817E+01
  -0.2431133004571551E+00
  -0.1063892112016064E+01
   0.2700950507399869E+00
   0.4689342579067122E+00
  -0.3019633290896936E+00
  -0.2248823688717839E+01
   0.7891546102691726E+00
   0.1503843123933602E+01
   0.1696268116823520E+00
  -0.9839141169885693E-01
  -0.9508607888868126E-01
  -0.3823829092568648E+00
  -0.5126005418971529E+00
  -0.1392838050781387E+00
  -0.2181729744265700E+01
  -0.1281307842645380E+01
   0.5884132030652664E-01
   0.6775467068459571E+00
  -0.5987668027645267E+00
   0.7000583255159578E+00
   0.1387693652161315E+01
   0.8318741319209948E+00
  -0.1403683682175457E+01
  -0.2979336707579240E+00
   0.1905694202913395E+00
   0.5141629280018146E+00
  -0.8575372891998859E+00
   0.1268252343298922E+01
  -0.2101556489679330E+00
   0.1857259402545252E+01
  -0.5310005889892329E+00
   0.3755104523681416E+00
   0.1195143391551490E+01
  -0.1115295140233358E+01
   0.4633511215121063E-01
   0.1207409567898715E+01
  -0.2052665333656570E+01
   0.1068807473886427E+01
  -0.1678327190025257E+00
   0.1931392330675036E+01
  -0.1641437752213758E+01
  -0.7104594601885713E+00
   0.8821152056723428E-01
   0.1574381532858738E+00
   0.1403893460294230E+01
   0.7119155859801020E+00
  -0.7221345503228813E+00
  -0.5536619262502114E+00
   0.7065904481756140E+00
   0.1893031684251024E+01
  -0.1201882628703102E+01
  -0.2091941771184495E+01
  -0.1639065497443334E+01
  -0.3265873986696807E+00
  -0.3086088947107655E-01
  -0.9771008218971137E+00
   0.2608535291243980E+00
   0.7641896405753216E+00
  -0.3766111829412618E+00
   0.3074449942562045E+00
  -0.7394629837876823E+00
   0.1850457721710175E+01
  -0.4776670264278579E+00
   0.1822945657446311E+00
  -0.5431919630500431E+00
   0.4817832902605146E+00
   0.3584745721091265E+00
  -0.2998059262511026E+00
  -0.7649196517272232E+00
  -0.1889203434308261E+01
   0.1379469515885105E+01
   0.2288401568910382E-01
   0.3949628279600687E+00
  -0.2519472990836217E-01
   0.2420085696896769E+01
   0.3866745713647207E-01
   0.2171983288525062E+01
  -0.1250356385930118E+01
  -0.6114122228164494E-01
  -0.4090457292035244E+00
   0.8455602694704666E+00
  -0.2746681606887751E+01
   0.2186004083622168E+01
   0.1992436631760244E+01
   0.5106254913010013E+00
  -0.1796435612173909E+01
   0.9733522623320099E+00
   0.1499534824162067E+01
   0.8630866045555851E+00
  -0.2004356006349751E+00
   0.6642745538949887E-01
  -0.7498826880999814E+00
   0.3030020477461573E+01
  -0.5904635060148619E+00
  -0.7860317000608159E-01
   0.1169578913792024E+00
  -0.8401511670521169E+00
  -0.6851800055047201E+00
  -0.1412990064984882E+01
  -0.6428474317864085E+00
   0.1218247492727865E+01
  -0.6427287302677823E-01
  -0.1719913965065158E+01
   0.2539846843401238E+00
   0.1297240539881761E+01
   0.2234208682907864E+01
  -0.3293139567559435E+00
  -0.1670281106719711E+00
   0.1213182310695369E+00
   0.2170421892540916E+00
   0.4662845264061663E+00
   0.2886302472742913E+00
   0.1291537338642499E+00
  -0.1243416470389065E+01
   0.4205636345157455E+00
   0.4253443471533597E+00
  -0.1802682590431855E+01
  -0.1044345508840476E+01
   0.1249333146932853E+01
   0.1969455488253425E+01
  -0.3460159611506616E+00
   0.3371096663386595E+00
  -0.1625464009389863E+01
  -0.1825224922753030E+01
   0.6593335783221032E+00
  -0.3439779116172577E+00
   0.1067620903757967E+00
   0.6581534993094525E+00
  -0.3473255894622798E+00
   0.8006519162542025E+00
  -0.1310845564184566E+01
  -0.8183722424216600E+00
   0.1807010220982008E+01
   0.9537333710534494E+00
  -0.7014451257526152E+00
  -0.8090209384614153E+00
  -0.8179211368238504E+00
  -0.1767895804444476E+01
   0.2473689203706350E+00
   0.6821343390025316E+00
   0.9885795620237492E+00
  -0.1106229777547001E+00
  -0.2032674871197218E+01
  -0.1581434457167565E+00
   0.1793243676366330E+00
  -0.4218105555876975E+00
  -0.3331153709965665E+00
  -0.1263812795590177E+01
   0.6070868910509348E+00
   0.9220510833864306E+00
   0.1411152886699444E+01
  -0.5080251334182075E+00
  -0.9528991823973235E+00
   0.1930976868283226E+00
  -0.8379929472364538E-01
   0.5508173887998914E+00
   0.9247694348545009E+00
   0.1542873310560736E+01
  -0.1393652482003690E+01
   0.1775938488983422E+01
   0.1361576536466698E+01
  -0.5424315139945751E+00
  -0.5056036878134467E+00
   0.1526496968222607E+01
   0.8664471954682565E-01
   0.6430117476079812E+00
   0.8706563364110800E+00
   0.1614586159276597E+01
  -0.9873135867991131E+00
  -0.1236910439977078E+00
   0.6503451343446414E+00
   0.3188518181787350E-01
  -0.4395654989020163E+00
   0.2118507869237894E+00
  -0.1772172360379423E+01
  -0.9733553726172511E+00
   0.7173583389233698E+00
   0.2038150616426905E+01
   0.7954111662773110E+00
  -0.3091896893415500E+00
   0.6839358231865090E+00
  -0.5994180296153457E+00
  -0.4747667419441678E+00
   0.1674212246349055E+01
  -0.1041770988583971E+01
   0.7964352802474270E-02
   0.1465183421400288E+01
  -0.1304017830408768E+01
   0.1351938316569307E+01
  -0.3402314466390994E+00
  -0.1481984147086242E+01
   0.3474521770983527E+00
  -0.7940771377756548E+00
   0.1128214169444227E+01
   0.3774896300795251E+00
   0.6647550900412705E+00
  -0.1307322661297115E+01
  -0.1253417149686948E+01
  -0.1312437514801897E+01
   0.1325197225838730E+00
  -0.4993685212363912E+00
   0.8287946755399972E-01
  -0.4861119496271324E+00
  -0.6878591643402135E+00
   0.1360272220469973E+00
   0.3292595739879073E+00
   0.1337903073857935E+01
   0.2446910320293216E-01
   0.9323535278071998E+00
  -0.3061276939136551E+00
  -0.1334564729733451E+01
   0.1329152906069856E+01
   0.7559858157806308E-01
  -0.9103663233204868E+00
  -0.7054412632693557E+00
   0.6389783342585832E+00
  -0.1901192536576916E+01
  -0.4548644138577904E+00
  -0.1063035143384157E+00
  -0.1278347780877928E+01
  -0.1617176669317935E+00
  -0.9840262731472390E+00
   0.7761173565246615E+00
   0.1443741334232503E+01
  -0.1428948567635601E+01
   0.9908725623934070E+00
   0.3410945502459221E-01
  -0.1442214667496907E+01
   0.1511113939471747E+01
   0.1658142080500888E+01
   0.1475560455104562E+01
  -0.4801774278179047E+00
  -0.2210071410531803E+01
   0.5684070647141971E-02
  -0.5778316373360178E+00
  -0.4414255951907543E+00
  -0.6750675330747226E+00
   0.5110753507484538E+00
  -0.2048153273945634E+01
  -0.3888605566344691E+00
   0.3075008281925186E+00
  -0.8442516304911984E+00
   0.1075753289280926E+00
   0.4095776278218642E+00
  -0.3762983126213592E+00
   0.1415884596593083E+01
   0.8086500157909279E+00
   0.2592097001552137E+00
  -0.1107547556479076E+01
   0.2379939424108518E+01
  -0.5433326390430429E+00
   0.2444538605646206E+01
  -0.2093285699260156E+00
   0.2161479102074458E+00
   0.6214234530904230E+00
   0.1186630666697481E+00
   0.5292459524676584E+00
   0.8443961839935556E+00
   0.1409557362952320E+01
   0.8869972225261754E-02
   0.2205449439666622E+01
  -0.4879461160000818E+00
   0.2128591006537797E+00
   0.3102855676169582E+00
   0.3453988471248632E+00
   0.2284599953131618E+00
  -0.1670089848076200E+00
  -0.1553226030073366E+00
  -0.6103395952186009E+00
   0.6749292195000252E+00
  -0.8908975411826169E+00
  -0.9810083920517954E-01
   0.1049082097748220E+01
  -0.1575777996737769E+01
  -0.5748627209051358E+00
   0.4044363391363769E+00
   0.5273189032625851E+00
   0.3730059801008717E+00
  -0.2727617075612758E+00
   0.1134120591852639E+01
   0.2031283366235929E+00
   0.1097206106391618E+01
   0.1603669424505694E+01
  -0.9046454752447226E+00
  -0.4657677877999339E+00
  -0.6450022726568119E+00
   0.6839009574962552E+00
  -0.4280353221926967E+00
   0.9867882544917111E-01
   0.1334897261678432E+01
   0.1841938805714373E+00
  -0.8548086309722732E+00
   0.1739166304120123E+00
  -0.2705069641827781E+00
  -0.1217726749071536E+01
  -0.2684791759697302E+00
   0.3626211476327695E+00
  -0.9023062158199751E+00
   0.1019479176808328E+00
   0.5427467554987755E-01
   0.4837819967483816E+00
  -0.1760475404442400E+01
   0.1402953734612125E+00
  -0.1743738388620989E+00
  -0.2179633793237775E+00
  -0.1537307536509725E+01
   0.4570174072254610E+00
  -0.7584772990267132E+00
   0.1227900532400182E+01
  -0.1132834313813246E+01
   0.1709433385673753E+00
   0.9695521546000425E+00
  -0.1059932221855749E+00
  -0.3147954742094983E-01
  -0.2169735628570477E+00
   0.4396726582807442E+00
  -0.4718053140056898E+00
  -0.1656302196414123E+01
  -0.1021124688953128E+01
   0.3057418835518329E+00
   0.5217377651124735E+00
   0.5291813827056152E+00
   0.8166388722093253E+00
   0.3374089854870934E+00
   0.3391403074480417E+00
   0.9358994013379560E+00
  -0.1563778940404456E+00
   0.6970658822674443E-01
   0.7323593808922685E+00
   0.7973857121338537E+00
  -0.4784019947704695E+00
   0.6344296925551333E+00
   0.5468943845708094E+00
   0.5106439295609958E+00
  -0.5803232473419469E-01
   0.7091745989648479E-01
  -0.1211903812009065E+01
   0.2869590353068703E+00
   0.3896962375947822E+00
  -0.1026071958016361E+01
   0.1414992725360174E+00
   0.1118427022911201E+00
  -0.1357587669274547E+01
   0.6078688552630825E+00
   0.1606816210977935E+01
  -0.5698713795551966E+00
   0.3074235438430092E+01
  -0.7314990349518833E+00
   0.4507739817281126E-01
  -0.1063356175410661E+01
  -0.6640211652241748E+00
  -0.2003540284680040E+01
  -0.1806276721810646E-01
  -0.1299824477829863E+01
   0.1281530186846187E+01
  -0.2175247558284229E+00
   0.7915810847270796E+00
  -0.1533098345898496E+01
  -0.2659388366026258E+00
  -0.7121382002961297E+00
   0.4722427904657051E+00
  -0.1021613617633719E+01
  -0.1124308076235918E+01
  -0.5597099936824036E+00
  -0.1404257565055666E+01
  -0.1781707693471122E+01
   0.1163013640543664E+01
   0.4783924220834053E+00
   0.2606523029334525E+01
  -0.8888086328879951E+00
  -0.1303361601124186E+01
  -0.5960691427175731E+00
  -0.1161709578715045E-01
  -0.6901718520994996E+00
  -0.7180959412005155E+00
  -0.3617349724933376E+00
  -0.4455051691556215E+00
  -0.1019000336732576E+01
  -0.1837547807560850E+01
  -0.1016209532150551E+01
  -0.4978130627820383E+00
  -0.4322372276946255E+00
  -0.4971768292123145E+00
   0.1155045598496072E+01
  -0.5919673445600830E+00
   0.1499699673319820E+00
  -0.1398396309047418E+01
   0.3980043463111430E+00
  -0.1503622143385382E+01
   0.4651995460809676E+00
   0.1397742054508229E+01
   0.1008628733540907E+00
  -0.7913970211395617E+00
  -0.6123122282756436E+00
   0.9018359899692897E+00
   0.1132080710554851E+01
   0.1794138678718397E+00
  -0.4559662148792695E+00
  -0.1085998294114157E+01
   0.3546941922989699E+00
   0.1596814735891361E+01
   0.2552282740549651E+01
   0.4206427715731001E+00
  -0.1772633884949382E+01
  -0.1384468491724365E+01
  -0.1156827219330999E+01
   0.6732790904022410E+00
   0.4265178109166567E+00
   0.1734935652733451E+01
   0.3379629956325891E+00
   0.1959117173455352E+01
   0.2092359525529334E+00
  -0.7777677883894103E+00
  -0.5379540946622121E+00
  -0.3801243398771296E+00
  -0.7054699454090854E-01
   0.1074977327206267E+01
  -0.5742960284841166E+00
  -0.5333621442350499E+00
   0.1561126463926805E+01
   0.2155297866876459E+00
  -0.9511390419324759E+00
  -0.6411957376975884E-01
  -0.1083477246105265E+00
  -0.1190263267680088E+01
   0.2021922097350582E+00
  -0.1996617213119027E+00
   0.5889453397254981E+00
   0.8506138169401979E+00
  -0.1402785732817897E+01
   0.1726150665014683E+01
  -0.5900881320596620E+00
  -0.3635355648995129E+00
   0.4429439751908698E+00
  -0.2779209055915989E+00
   0.7545255928630800E+00
   0.2818521917604302E+00
  -0.1588646871465175E+01
   0.3511503150533749E+00
  -0.3209061508194591E+00
   0.7845144622585657E+00
   0.1386859878508326E-01
   0.2928647999388756E+00
   0.6014322309221670E+00
  -0.9881318747251437E+00
  -0.3661966574010989E+00
   0.2666158965521754E+00
   0.8159624994492305E-01
   0.1096013465086784E+01
   0.1691764756618654E+00
  -0.5320360721119273E+00
  -0.1326331188199760E+00
   0.8983150648880660E+00
  -0.1650445728376591E+01
  -0.7732170101026006E+00
  -0.1264902689498975E+01
   0.2972935940052828E+00
   0.3597654582621203E+00
   0.2644709274673810E+00
  -0.2165552444991015E+00
   0.1039132944661741E+01
  -0.9548253867035167E-01
   0.6061445270075479E-01
  -0.9502747514104319E+00
  -0.2497035427893266E+01
  -0.3332855900572164E+00
  -0.1187302877734038E+01
  -0.2680148024502826E+01
   0.5560561020025240E+00
   0.1788894427478140E+01
  -0.5103776794805522E+00
  -0.8463862569695954E+00
  -0.9088547395106180E+00
  -0.1456333025119096E+00
  -0.5980641141045997E+00
  -0.4159858648594381E+00
   0.1422278397807191E+01
   0.1283314512164969E+00
  -0.8460692954976532E+00
  -0.2147726669860860E+00
   0.1146856185480058E+01
  -0.2418259657035976E+00
   0.6060261664364748E-01
  -0.2237349514862784E+00
   0.5659322903498731E+00
  -0.1525900732199995E+00
   0.2726876580226807E-02
   0.7599239463173726E+00
   0.1325760729254104E+01
   0.6143027214498126E+00
   0.1108211759314689E+01
   0.7118232214990551E+00
  -0.1543974968278857E+01
   0.1901188227298620E+01
   0.3232907330613881E+00
  -0.1560418574717488E+01
  -0.6028100825479285E-01
  -0.2017583034550403E+00
   0.4538949114982502E+00
  -0.3956747853139225E+00
   0.1826622772989252E+00
   0.1728519373564110E+00
   0.1915835464296249E+01
  -0.3867289559402883E+00
   0.9894502426685572E+00
   0.2043145965374729E-01
   0.1356373058913465E+01
  -0.7062710684775805E+00
   0.9058832342198332E+00
   0.6068627059040358E+00
   0.1053531476361955E+01
  -0.1422084203616884E+01
  -0.7483659642140209E+00
  -0.1557400033157640E+00
   0.3014123341768642E+00
  -0.7810392745097768E+00
   0.9999882149557416E+00
   0.2733188645857308E+00
   0.7910875573643347E-01
   0.1762246337633429E+00
   0.1973508457790139E+00
  -0.5285102815604863E+00
   0.1217857741251818E+01
   0.1066285657596688E+01
   0.2065656293600599E-01
  -0.1005747997645682E+01
   0.8392886074036351E+00
  -0.1998207528102318E+01
   0.4130965717342847E+00
   0.4238328050299163E+00
   0.9543110736784952E+00
  -0.1928113413229131E+01
  -0.1015261941793751E+01
  -0.5457704412214575E+00
   0.1327968705349090E+01
   0.1543910683903306E+01
  -0.3728325992382960E+00
  -0.3897720469119341E+00
  -0.2301320016775025E+00
  -0.4041027762525398E+00
   0.2540307967616415E+00
  -0.9841531540773855E-01
  -0.2656468484349472E+01
   0.1837576758681238E+01
  -0.2496163415466650E+00
   0.1863776146255310E+01
   0.9043614835216288E+00
  -0.9460651077544230E-01
   0.1207662636776673E+00
   0.2408238652785240E+00
   0.1488706112707834E+00
  -0.7533978383026626E+00
   0.1623132910843616E+00
  -0.4649997678500042E+00
   0.5426089300769620E+00
  -0.2495098763348460E+00
   0.2643429711496494E+00
   0.2229438352609927E+00
   0.1333184905811789E+01
  -0.1320006991729682E+01
   0.2396882279291506E+00
   0.8510133038142456E-02
  -0.2089763649843760E+00
   0.2851593867198108E+00
  -0.3389014189388487E+00
   0.2042147319726562E+00
   0.5506243260450829E+00
  -0.2076034564421418E+01
  -0.2007180695712428E+00
  -0.2660982486305823E+00
   0.4579890878299144E+00
  -0.2362318929546629E+00
   0.1658678363783801E+01
  -0.1950605128395337E+01
  -0.1663128757753128E+01
   0.2498392249823656E+01
  -0.1014573123820610E+00
   0.1067600183931779E+01
   0.5462616097934169E+00
   0.8377463846353449E+00
  -0.1439838805513030E+01
  -0.8143118158683748E+00
   0.1846057340749089E+01
  -0.8855381676072552E-01
  -0.9416415237624326E+00
  -0.1072749944956686E+01
   0.1374321790578895E+01
   0.2196629781007403E+00
  -0.9587046167254277E+00
   0.2120562473621916E+01
   0.8242451051251745E+00
   0.7895738384713858E+00
  -0.1243173267852517E+01
   0.2322882519036839E+00
   0.1256793501077018E+00
  -0.2701239844975892E+00
  -0.2016727803498908E+01
   0.1645251728435069E+01
   0.6326972818687989E+00
  -0.3520944007980176E+00
   0.5301243859485859E+00
  -0.1724958910518315E-01
   0.2384156438408271E+00
  -0.9603966920919379E+00
   0.7906514137985268E+00
   0.2165896231889822E+00
   0.2816010623504059E+00
   0.2307608658110744E+01
  -0.8365047771300641E+00
   0.2364903689861098E+01
   0.1433681322177875E+00
  -0.1118682505401912E+00
   0.1831955380383396E+00
   0.1328230962550601E+01
   0.1209309646437779E+01
   0.1937696273975069E+00
   0.3553567142349953E+00
  -0.6089653180949557E+00
   0.2126286137293578E+00
  -0.1664616122152502E+00
   0.6541846761152315E+00
  -0.1647667029918259E+01
   0.5343802579295343E+00
  -0.7317564325842786E+00
  -0.7867658531853849E-01
   0.4871458702368271E+00
  -0.8668716198963073E+00
   0.1424215059206572E+00
  -0.1654571021781920E+01
   0.4728456667783733E+00
  -0.3897829911507673E+00
  -0.6930518102369376E+00
  -0.4660335641074699E-01
   0.2741963650743179E+00
  -0.4194497371193299E-01
  -0.2512254043136274E+00
  -0.5940328312490196E-01
  -0.6957332051265688E+00
   0.1007980530855724E+01
   0.1076911055976201E+01
  -0.3164305393664747E+00
  -0.6891053633643611E+00
  -0.1399464181039528E+01
   0.2797515871561107E+00
   0.3173159965391635E+00
   0.1335724416456735E+01
  -0.1251326745643935E+01
  -0.1192948371496847E+01
   0.5204689436907871E-01
  -0.9607213716925587E+00
  -0.3019383059010175E+00
  -0.2288738739175754E+01
  -0.1091156892982813E+01
   0.1265255990767243E+00
   0.1173086699364372E+01
  -0.5230394451910763E+00
  -0.1415143716041933E+00
  -0.3281310622519668E+00
   0.1023371671661833E+01
  -0.8073827712944542E+00
   0.1959383151538561E+01
   0.3030082935215376E+00
  -0.1622664202186738E+01
   0.8929434810399794E+00
   0.4029831858555242E+00
   0.9201427752146790E+00
  -0.2336764550455039E+01
   0.1081683846423270E+01
   0.3520374833709442E+00
   0.1131435124602471E+01
  -0.4843333610560970E+00
  -0.7524302654911633E+00
   0.5031328351307522E+00
  -0.4358053976074820E+00
  -0.2336556218823650E+00
   0.1409613742212115E+01
   0.3928406812873435E+00
  -0.1329335209662675E+01
   0.1795856584876906E+01
  -0.8149621177702621E+00
   0.1652261412300864E+00
  -0.4403303434413700E+00
   0.2712777623637341E+00
   0.8321448586515677E-01
  -0.1028345680431789E+01
  -0.5118048617011636E+00
   0.2868314836377119E+01
   0.3671394053791811E+00
  -0.5173670342618262E-01
   0.5035530576398978E+00
  -0.9497058181756630E+00
  -0.2108601617617925E+01
   0.1115457127746146E+01
  -0.4181738937278137E+00
  -0.8252058043038416E+00
  -0.4836432934594639E+00
   0.8659499465409894E+00
  -0.9984504658337084E+00
  -0.5018015888895133E+00
   0.3971722756301678E+00
   0.4218380901271642E-01
   0.3376563322979317E+00
   0.4519186279820441E+00
   0.9741075999560961E-01
   0.1057967867256795E+01
   0.1116351665467782E+01
   0.4596904349576225E+00
  -0.9387089701062525E+00
  -0.1377251528980472E+01
  -0.2061854496600152E+00
   0.1875960697165183E+01
  -0.5888576803624986E+00
  -0.1297990882751459E+01
   0.2893990251637020E+00
   0.1986061480793879E+00
   0.5795878553869613E+00
  -0.1168281718906004E+01
   0.2790367988612689E-01
  -0.7488895038271426E+00
   0.2088179342455295E+01
  -0.1218713577720631E+00
   0.1165369759691864E+01
  -0.5345102553998929E-01
  -0.8515009750957779E+00
   0.5415159033743150E+00
   0.4978461548563170E-01
   0.1579692047883706E+01
  -0.1168430994399130E+01
  -0.2280015676394598E+01
   0.1241864533470075E-01
   0.3045907282133430E+01
   0.2761251591335431E+01
  -0.1635319994697955E+01
   0.1552832636128468E+01
   0.1723369579698635E+00
   0.1713067507268313E+01
  -0.1740939974796989E+01
   0.2025739916574865E+01
  -0.1236253756948178E+01
  -0.1863930119335746E+00
   0.1400357813348591E+01
   0.8539706364885535E+00
  -0.1456627143083569E+00
  -0.4589613837823759E+00
   0.1201835351707521E+01
  -0.1023464104051955E+01
   0.7440589585802397E+00
   0.1640822213715147E+01
  -0.3851466486643363E+00
  -0.3913982665764271E+00
  -0.4009749448566272E+00
  -0.5304745003877956E+00
   0.4882332973623051E-01
   0.9567993419455047E-01
  -0.1491583800951288E+01
   0.1178263291918289E+01
  -0.2306621103031249E+00
  -0.1080337077236825E+00
  -0.9855313238260558E+00
   0.4621222580166707E+00
   0.1673379293047287E+01
   0.1417175317060608E+01
   0.4510155751682077E+00
  -0.9530200848807999E+00
   0.2043795544549465E+00
   0.5167089789660548E+00
   0.9443516208949755E+00
   0.2043604404594793E+01
  -0.4358674052335167E+00
   0.1104307517297734E+01
   0.1299618652770258E+00
   0.4345689627382254E+00
   0.4521878480760737E-01
   0.4241666228694063E+00
   0.1038666903655416E+01
  -0.1182732643355257E+00
   0.2926307018591347E-01
   0.6946349524263217E+00
   0.3112147834492140E+00
   0.4092757767945857E+00
   0.7027525036613504E+00
   0.7695334674982968E+00
  -0.1021733981987391E+01
   0.9251288670139982E+00
   0.9596137386165943E+00
   0.7106812043464450E+00
   0.1356956243297168E+01
  -0.1063869404842911E+01
  -0.1171605535632807E+01
  -0.3170665026643423E+00
   0.3208667676931001E-02
   0.1397866834672573E+01
   0.4638187260274590E+00
  -0.2130740961701853E+01
  -0.1490803944150056E+01
   0.7578178222583932E+00
  -0.3225836072193949E+00
  -0.2076887200732139E+00
  -0.9467956380505205E+00
  -0.1615323697069368E+01
   0.7890349594074287E+00
   0.1114436986440511E+01
  -0.5097017097088101E+00
  -0.1438294300455995E+01
  -0.5017109118023272E+00
  -0.1966960458601504E+00
  -0.9036754825988613E+00
   0.5817727299135419E+00
  -0.1786593182156997E+00
   0.1594418213573796E+00
  -0.3323825963224151E+00
  -0.2677844060254597E+00
  -0.1212562835416158E+01
  -0.2068420175557304E+01
  -0.1073940793651826E+01
  -0.9363021625315958E+00
   0.4461304035209498E+00
  -0.1590509922095343E+01
   0.1442515602386615E+01
  -0.1253839199140668E+01
   0.7923091353810690E+00
   0.2400648987205030E+01
   0.3238973779700676E+00
  -0.1479203079102766E+01
   0.1034633179100456E+01
  -0.7609576210605830E+00
   0.9579635759875758E+00
  -0.4689569632315351E+00
   0.6664078400393842E+00
  -0.6318688849547671E+00
  -0.4221029070207901E-01
   0.1376000570273195E+01
   0.5629529848952918E+00
   0.3891768196988502E+00
   0.1631173509273408E+01
   0.8831256928984128E-01
  -0.4859318188295956E+00
  -0.5778892401907935E+00
  -0.1074502375765035E+01
  -0.1121424758745272E+00
  -0.2327906814643287E+01
   0.1852833249310471E+01
  -0.1873637575229335E+00
   0.1836718054399470E+01
   0.6652394938952483E+00
   0.1954632109354583E+00
  -0.9973387160231852E+00
   0.1021855772894903E+01
   0.3269030091889764E+00
  -0.2551300963921545E+00
  -0.7367566310793450E+00
  -0.1128724009656245E+01
  -0.4757655966386814E+00
  -0.3374659086839567E+00
   0.6627392349729039E+00
   0.5447177627071496E+00
   0.8169686913221743E+00
  -0.1172838259355267E+01
  -0.8914707133578526E+00
   0.7996817264490600E+00
  -0.5413404277248848E+00
  -0.8128412143626046E+00
   0.1153410568484213E+01
  -0.1256102778047330E+00
   0.1042466120258399E+01
   0.2725490802807010E+01
   0.5962591927706244E+00
   0.1222862817268703E+01
  -0.2855574150439991E-01
  -0.1041342000828489E+00
   0.2451559747400576E+01
  -0.1448006922250953E+01
   0.1989771254024761E+00
  -0.1019275029353192E+01
   0.1247331276161844E+01
   0.8710678474246155E+00
   0.1212798112273276E+01
  -0.3061242021434349E+00
  -0.8413472544890527E+00
  -0.3913255195859716E+00
   0.1545732600213748E+01
   0.1535701128455005E+01
  -0.3105587531245779E+00
  -0.2619362540689425E+01
  -0.2783497910367339E+00
  -0.3211825855631824E+01
  -0.1071170908474067E+00
   0.8205580695705684E+00
  -0.1782239359178173E+01
  -0.7934215591255948E+00
  -0.7520292269532408E-01
   0.3372649358861162E+00
  -0.8625033159181955E-01
  -0.2619765313900956E+01
   0.5669659236598775E+00
   0.2858101007126056E+00
   0.1025888956561004E+00
  -0.3294769382946873E+00
  -0.1346114410690098E+00
   0.1211669834127980E+01
   0.5265319956748429E+00
  -0.1106462625380479E+01
  -0.2452601404566230E+00
   0.1122287042118424E+01
  -0.7938582047946749E-01
  -0.3195323529303438E+00
  -0.1137981423374133E+01
   0.6687348239513839E-01
   0.6928137685775785E+00
  -0.5000506367243065E+00
  -0.7470078425608162E+00
   0.2075124741380208E+01
   0.2210325332680143E+00
  -0.1221081284909620E+01
   0.4457904610521814E-01
  -0.1171022750411389E+01
  -0.1561381658039948E+01
  -0.6239541712495743E+00
   0.2516067505341734E+00
   0.2796377469887759E+00
   0.1435015595073046E+01
  -0.1436723194959446E+00
  -0.1248478229438013E+01
  -0.1767736333227461E+01
  -0.1369369323934560E+01
   0.5589481663399106E+00
  -0.7217954884005157E+00
   0.3107017508464296E+00
  -0.1100289715098287E+01
   0.7780951995873047E+00
   0.6460465192142127E-01
  -0.3671837459161261E+00
  -0.3471348301989634E+00
  -0.4730078490418317E+00
   0.1803606273593278E+01
   0.8749411885193432E+00
   0.6534518564436320E+00
   0.9967234536389834E+00
  -0.2056696015735419E+01
  -0.1673907909916679E+01
   0.1718579048205626E+00
  -0.2417269760380553E+00
  -0.1277178523573158E+01
   0.1159190081487204E+01
  -0.4556263673850078E+00
  -0.2462526705207946E+00
   0.6249019622631325E+00
  -0.4933423926424702E+00
  -0.2878546204620174E+00
   0.7349557744201705E+00
   0.1450594444555760E+01
  -0.5896729237694570E+00
   0.3467119145110798E+00
  -0.1894763159357616E+00
   0.9217765396886956E+00
   0.6290330254539590E-01
   0.1070885303132232E+01
   0.1892579747428894E+01
  -0.5359792071402409E+00
   0.1033345697799655E+01
   0.1034079652267464E+01
   0.1272097030781276E+01
   0.2154969287161121E+00
  -0.1375777073245516E+01
   0.2457971336920163E+01
  -0.1581289568287941E+01
  -0.9748048994984614E+00
  -0.3773704146885098E+00
   0.1348364851450666E+01
   0.1206739806047957E+01
  -0.2156529609283846E+01
  -0.7309069431015246E+00
  -0.5688041545970773E+00
   0.9274543766201584E+00
   0.2303928795453203E+01
  -0.9872245007275354E+00
   0.8340606761298117E+00
   0.1324594695910278E+01
   0.1042541825796334E+00
   0.8983828294880536E+00
   0.1210090422192663E+01
  -0.1519601240538777E+00
   0.1632270455474351E+01
  -0.3394295835108135E+00
   0.6507384636696465E+00
   0.9670014713862288E+00
   0.6823996864583162E+00
   0.7976563905577150E+00
  -0.2589884497436581E+00
   0.8785032421697984E+00
  -0.6411189154835427E+00
   0.1672282320589095E+00
  -0.8828331719091925E+00
  -0.1355258340809650E+01
  -0.4197030890295377E-01
  -0.6137136689243824E+00
   0.6908841823725814E+00
   0.8011076077073526E+00
  -0.3480824482525665E+00
  -0.1836936842856071E+01
  -0.1972279410726798E+01
   0.1240376499844579E+00
  -0.3179603829983044E+00
   0.5130383358490500E+00
   0.4994690364491444E+00
  -0.8997512668241783E+00
   0.1358049872752043E+00
   0.6172593745991993E+00
   0.1506011900631935E+00
  -0.2247680338599674E+01
   0.5568401868576511E-01
   0.1402071757639541E+01
  -0.1655342295466650E+00
   0.4154860705502783E+00
  -0.2512362076212448E+01
   0.3837684094487648E+00
  -0.6338690172329156E+00
  -0.3296249206107797E+00
   0.3352880632039702E-01
   0.4987813485301341E+00
   0.1642835164270610E+01
  -0.1062149783752850E+01
   0.1768637873228856E+01
  -0.5257769954438459E+00
  -0.8696579544619177E+00
  -0.6345473091240900E+00
   0.2150599349462235E-01
  -0.2360601445992219E+00
  -0.2089612470594140E+01
   0.9490513586334652E+00
  -0.2529278944703595E+00
   0.7777294330913309E+00
   0.1715465429204029E-01
   0.4776110091734621E+00
  -0.3588115148489716E+00
  -0.2313285768694015E+00
  -0.7352105523531263E-01
   0.8361440200595252E+00
   0.7805368042096100E+00
   0.1087033542430092E+01
   0.8043411260577249E+00
   0.5891952773659853E+00
  -0.2886509154000926E+00
   0.1288278599561565E+01
  -0.1682424111841522E+00
  -0.1266416107912731E+01
  -0.1600846065289625E+01
   0.9503780669558473E-01
  -0.2113127804032276E-01
  -0.9305745643761726E+00
  -0.1742369951947781E+01
  -0.1202964026930501E+01
   0.8539902018879477E+00
   0.2043352666789548E+00
   0.1048669546332574E+01
  -0.1372050661411275E+00
  -0.4096617704281234E+00
   0.1452730550711393E+01
  -0.2818868567259273E-01
   0.1282906127541212E+01
  -0.2884336972392250E+00
   0.5241964883711738E+00
  -0.1368803088376238E+01
  -0.1059493943959171E+01
  -0.7814105424212807E+00
   0.1366070510420270E+01
   0.1854781573552418E+01
  -0.6233275746050508E+00
  -0.4654087091505524E+00
   0.5476936126637406E+00
  -0.9644363719008190E+00
   0.1761810433507460E+01
  -0.1399494868877042E+00
   0.4394725493197196E-01
  -0.6136885886813144E+00
   0.9370562421420302E+00
   0.3807240785041064E+00
  -0.1710298412947794E+01
  -0.7978626449338247E+00
   0.1309136193876371E+00
  -0.5724886071748480E-01
  -0.4377314690440319E+00
   0.1066705585887244E+01
   0.5744518036926827E+00
   0.1039534127087792E+01
  -0.3508014286238243E+00
   0.5621972708964044E+00
  -0.1056263661518731E+01
  -0.6072383523789977E+00
  -0.1419789613041577E+01
   0.6482555831883504E+00
  -0.1370948600390650E+01
   0.1634319746767129E+00
   0.6149160044111126E+00
   0.3073055799196623E+00
  -0.2660683355219961E+01
   0.1096489452081048E+01
   0.5283634222421997E+00
  -0.1520571281548671E+01
   0.1839979577829723E+01
  -0.1206608768250898E+01
   0.7356201152540557E+00
  -0.5656441647659002E+00
   0.7912328099019025E+00
   0.6457627187304273E+00
   0.1967629095939823E+01
   0.5868167577603931E+00
  -0.1814582841818934E+01
   0.1338398673995064E-01
   0.1029616344796934E+01
  -0.6958426984865242E+00
  -0.1736485925807212E+00
  -0.7851879422330923E+00
  -0.6782731244435231E+00
   0.9886126970564144E-01
   0.4901520474307089E+00
   0.4611328478669652E+00
  -0.2269884189204840E+00
  -0.7774398435893909E+00
  -0.7370515040494929E+00
  -0.7348647986170566E+00
  -0.2729480015740984E+00
   0.6239417165108961E+00
   0.1144530578674586E-01
  -0.1702612127613385E+01
   0.2224654475824142E+00
   0.2313087250349089E+00
   0.7550628989221020E+00
  -0.1277660220166458E+01
  -0.2086943860429077E+01
   0.3605402127822137E+00
  -0.1558665853131757E+01
   0.1762328178620209E+01
  -0.5021097352159384E+00
  -0.9553728336330145E-02
  -0.1296799254450884E+01
   0.5503787820624251E+00
  -0.2846175312953294E+01
  -0.2788643391433417E+00
  -0.8844194165897482E+00
  -0.4546767688036918E+00
   0.8330895782715825E+00
  -0.1147561344668184E+01
   0.9053644578922427E-02
   0.3559158713431739E+00
  -0.8203060481199509E+00
  -0.1263888931130731E+00
  -0.9620065990467548E+00
  -0.1455046995484159E-01
  -0.6176016671831370E+00
  -0.3579426256344436E+00
   0.2530461221314917E+00
   0.4689038544483555E+00
  -0.8653549207915755E+00
   0.6827432036392111E+00
   0.7248688559793630E+00
  -0.1044103529968750E+01
  -0.5010291326702970E+00
  -0.8064959316274082E+00
  -0.5761339431438518E+00
  -0.2978807056614158E+00
   0.1149649953351983E+01
   0.1007656611759055E+01
  -0.3728889466063530E+00
  -0.6777563743709795E+00
   0.6190357778007387E-01
   0.2941264830871138E+00
  -0.1510208891574484E+01
   0.2734642641262615E+00
  -0.9388280521458597E+00
  -0.1383044210608560E+01
   0.1159609582903180E+01
   0.1818942213457733E+00
  -0.5840017710060794E+00
  -0.1409563095059880E+00
  -0.4226300945027028E+00
  -0.1024119097524837E+01
  -0.2890809736840256E+00
   0.1057785004646197E+01
  -0.9183821227716455E+00
   0.7158789454249830E+00
  -0.1274580844829643E+01
  -0.6513666419951538E+00
  -0.8602179421862611E+00
   0.9758226472620876E+00
  -0.2257812023559444E+01
   0.8426267652905639E-01
  -0.1174369213034605E+01
   0.1164346667990713E+01
   0.3402828593843467E+00
   0.1137462801489199E+00
  -0.2130152290489105E+01
  -0.3073454692327261E+00
   0.1205969627007793E+01
  -0.1260643654730769E+00
  -0.3016130184011020E+00
   0.2516099680738119E+00
   0.1395616150027081E+01
  -0.5494523152710292E+00
  -0.2544887801058823E+00
   0.4260648687338609E+00
   0.1108185409527623E+00
  -0.4999855492752381E+00
   0.1444017249577538E+01
   0.4879923366341313E+00
   0.7909986045077917E+00
   0.2790767394630621E+00
   0.4576544994144999E+00
  -0.1568757616163332E+01
  -0.1369113471770500E+00
   0.5170884835131618E+00
   0.3273449034542324E+00
   0.3679563162557188E+00
   0.3003057801685295E+00
   0.8331926582221387E+00
  -0.3087221383225889E-01
   0.1140049425607709E+00
  -0.4979814845288191E-01
  -0.6582148930616256E+00
  -0.9340167808480705E+00
   0.7422089772984130E+00
   0.1194847943923391E+01
  -0.1861667341453292E+01
   0.2576420058222155E+00
   0.6507776756074687E+00
  -0.1058260806066363E+01
   0.2739484851181107E+00
   0.8766587518496691E+00
   0.3069405279543214E+01
  -0.8137817442657652E+00
   0.1521341600053271E+01
   0.2200966439823047E+01
  -0.4056898442954595E+00
   0.5986307166510626E-01
   0.8604613625187479E+00
  -0.1301321461934946E+01
   0.5130032648761316E+00
  -0.6809181045110281E-01
  -0.7294237913499626E+00
  -0.1190067180217193E+01
   0.2140705991229313E+00
  -0.7531132721073284E+00
  -0.9031628246393796E+00
   0.9271257524946828E+00
   0.3448813982594255E+00
   0.3531788581860809E+00
  -0.1960806991412724E+01
  -0.6464637801156768E+00
  -0.1792051108805036E+00
  -0.7601960954705977E+00
   0.1272678176378932E+01
  -0.6536742131009792E+00
  -0.2916919075315745E+00
  -0.7508880988933235E+00
  -0.6344556324645972E+00
  -0.3099658537783361E+00
  -0.1783511560339036E+01
   0.1482586897134986E+01
  -0.1612423680932167E+01
  -0.1458948482499020E+01
   0.2135201980250405E+01
   0.2281693006765280E+00
   0.1611520358351575E+00
   0.1288654751015184E+01
  -0.1419422801375897E+01
  -0.6187621715788822E+00
  -0.5178471605337762E-01
  -0.1536361155930747E+00
  -0.1170041719899904E+01
  -0.5633648614665185E+00
  -0.4833538266992675E+00
  -0.1163117582263384E+00
   0.1065468418588320E+01
  -0.3357747119127451E+00
  -0.1294389541264829E+01
   0.1099034073141560E+01
  -0.1889585366478505E+01
  -0.8709036196758846E+00
   0.1275001769393251E+01
   0.5866735652438826E+00
  -0.1115711399944635E+01
  -0.1135446180407829E+01
   0.1302014575202492E+01
  -0.1929242877805137E+01
  -0.1434913839999631E+00
   0.1318463903690488E+01
  -0.7466100232461886E+00
   0.5954605499737838E+00
   0.8907267982487695E+00
   0.8089094903440154E-01
   0.6436562333108052E+00
   0.1479853251303583E+01
   0.6157829629088886E+00
   0.1556692017708712E+01
  -0.1613517753571393E+01
   0.1040721502568348E+01
  -0.1095047574591308E+01
  -0.9697754573623456E-01
   0.1231560248427333E+01
   0.5009161529312184E+00
   0.1279602717010493E+01
  -0.1100109346155926E+00
   0.5245482771633765E+00
  -0.5060195323523630E+00
   0.1117332434149498E+01
  -0.2686653447251783E+00
   0.1222551235901257E+01
  -0.2025876595097611E-01
  -0.8137079592681559E+00
   0.1458716556395925E+01
  -0.1858032265640817E+01
   0.4053575171702435E+00
   0.9566740327552566E+00
  -0.8533569601897514E-01
  -0.4225377355812209E+00
   0.1529014710859038E-01
  -0.3340454511697213E+00
  -0.1324403061213988E+01
   0.7016686004297191E+00
  -0.6696426415477633E+00
   0.3272164302268136E+00
   0.3727875166236826E+00
  -0.1602755302815117E+01
   0.1892560339586051E+00
  -0.2149350224640063E+01
   0.3857510930757705E+00
  -0.1697597844552923E+01
  -0.1309555089544638E+01
   0.8460656517306626E+00
  -0.1814904429719778E+01
  -0.2682054679505756E+00
  -0.6832772426969740E+00
  -0.1845960784897021E+00
  -0.7034829248228601E+00
  -0.1032817544200517E+01
  -0.6039844404020506E+00
  -0.2360824097509250E+00
   0.1303970176946373E+01
  -0.9963502421730270E+00
  -0.2916291644736961E+00
  -0.2783416100558702E+00
   0.1832874605903421E+01
   0.5463109353068822E+00
  -0.8717016336848503E+00
   0.7000211830202040E+00
   0.2048267291876949E+00
  -0.1279457795331699E+01
  -0.7429612276802384E+00
  -0.5838695425519429E+00
   0.5404434636939893E+00
  -0.8587883637690302E-01
  -0.3791791683691313E+00
  -0.1370044189105823E+01
  -0.2005515483072518E+00
   0.1557160671631526E+01
  -0.7524446389896687E+00
   0.6100364362469028E+00
  -0.4787917369044031E-01
   0.1668934373552483E+01
  -0.1881040733397788E+01
   0.7994282962469963E+00
   0.2526193863676600E+00
  -0.1643567078313261E+01
  -0.5274791554353453E-01
  -0.1213812279133914E+01
   0.9897621850475382E-02
  -0.3776360614739491E+00
   0.1340189548784556E+01
   0.8125100150248545E+00
   0.1079607338678513E+01
  -0.1155200398157882E+01
  -0.7416751974463230E+00
  -0.6651963634823158E+00
  -0.1220744072812859E+01
  -0.1763666476306117E+00
   0.4922744602065577E+00
   0.2223460329365762E+00
   0.1397848021590395E+01
  -0.8268694899483475E+00
   0.1150942115179656E+01
   0.2270740392905923E-01
  -0.1274901304771032E+00
   0.5274607855474218E+00
  -0.2043053606570922E+01
   0.5134974283303262E+00
   0.2271540078246104E+01
  -0.1732674282286623E+00
  -0.1033961359600541E+01
  -0.2511834323380940E+00
   0.4091188658184798E-01
   0.1166036839322970E+01
  -0.8688109526563496E+00
   0.2197454776377269E+01
   0.2717764333826732E+00
  -0.1003981156399288E+01
   0.9472682589247876E+00
   0.1637748579127878E+01
  -0.1132268696494646E+01
   0.7197645665584493E+00
   0.1913867593187126E+01
  -0.1873167741730783E+01
  -0.8067926703995273E+00
   0.2386290438923377E+01
  -0.7374924321128307E+00
   0.1200986569117098E+01
   0.3976674311709230E+00
  -0.8869663496197919E+00
  -0.3291861531693210E+00
  -0.7278364888494760E+00
  -0.1529233503575777E+01
  -0.2163219139847984E+01
  -0.2179818636517586E+00
  -0.7888217138648542E+00
  -0.4985325289412404E+00
   0.5061551287563253E+00
  -0.1801814498198145E+00
  -0.9296246059061055E+00
  -0.1804129211116939E+01
  -0.4140931317196296E+00
   0.3135907092809712E+00
  -0.9840438802888551E+00
  -0.1581572132458722E+01
  -0.1642319956021017E+00
   0.9387660072012811E+00
   0.2409824153503912E+00
  -0.1604095863676698E+00
   0.5029144179952809E+00
  -0.1554606903966014E+01
   0.2277826133861740E+01
  -0.1425303713753218E+01
  -0.2365953081919890E+00
   0.4323443328626419E-01
   0.7183307310445671E+00
   0.6078518324933964E-01
   0.1152883010785184E+01
   0.4909941097206381E+00
   0.7812645906836735E+00
   0.7070028539357204E+00
  -0.9283249884537392E+00
   0.1552534351363894E+01
   0.1219790665115549E+01
  -0.2865610402234016E+00
  -0.5658524137985057E+00
  -0.1161531556768786E+01
   0.5402269343616951E+00
   0.3864463217031706E-01
  -0.9055228666329087E+00
  -0.7958524758956876E+00
   0.8764253774675445E+00
  -0.2224944814780175E+00
  -0.9279421516512353E+00
  -0.9672902926045792E+00
   0.1639586937899122E+00
   0.9333859171429401E+00
   0.2501390749432975E+00
   0.5899165114541682E+00
   0.1273455424123327E+01
   0.3559523993293457E+00
  -0.1055537491603347E+01
  -0.1671359375760601E+01
  -0.1673631671743470E+01
  -0.2893093332399826E+01
  -0.4211072201475588E-01
   0.1514026740322706E+01
  -0.2882398146503158E+00
   0.9788306782207400E+00
  -0.4661598916119803E+00
   0.5960800306794277E+00
   0.2171377927297906E+00
  -0.9471542946636833E+00
  -0.2213009982232915E+00
   0.2435231630284076E+00
  -0.2390082969834823E+01
   0.1838971924065103E+00
  -0.5191355245687261E+00
   0.3795619673804129E+00
   0.6614791735134494E+00
   0.5647878673192249E+00
   0.6390248025533742E+00
   0.4826618517755267E+00
  -0.1311668793766920E+01
   0.1039887943121949E+01
  -0.1042983408166255E+01
   0.1538052799713227E+00
  -0.1648581860098259E+00
   0.3776119453713805E+00
   0.3157513670192798E-01
   0.1941102952699936E+00
  -0.9663435669035033E+00
   0.5433926300089154E+00
  -0.1230201007862503E+01
  -0.1593466722236868E+01
  -0.1013854324516871E+01
  -0.7355680139771886E-01
  -0.8147101648288567E+00
   0.2466564042679729E+00
  -0.1695823250077258E+00
   0.3603921780598241E-01
   0.9160021285216909E-01
  -0.3052261395307624E+01
   0.1463789618338279E+01
  -0.7168760335758374E+00
  -0.1063860316513829E+01
  -0.5730890038575981E+00
  -0.1089473802806235E+00
  -0.2221246815194065E+01
  -0.2668611762832945E+00
  -0.2133111572728339E+01
  -0.9024808549464283E+00
  -0.1242731723413475E+01
  -0.5298775273874719E-02
  -0.2237998784665173E+01
  -0.3985019228413768E+00
   0.2841212989950073E-01
  -0.1676380868505493E+00
   0.6474130487075617E+00
   0.1327576547789509E+01
   0.6367618001584638E+00
   0.5551232760613890E+00
   0.3775842267268056E+00
   0.1351730488679978E+01
  -0.8622999489767455E-01
   0.3854431862195333E+00
   0.6797814860050533E+00
   0.1219681057931454E+01
   0.1114104787433776E+01
  -0.8001574999535388E+00
  -0.2499631803425159E+00
   0.1162725717686713E+01
   0.5676088545111118E+00
  -0.4327307664204953E-01
  -0.1107843005350108E+01
   0.1333380795408063E+01
   0.4072422043053011E+00
  -0.2298716440464006E+00
  -0.2762416565292302E+00
  -0.1965740863605027E+01
  -0.5562480454405138E+00
  -0.8480584098094017E+00
  -0.7985040702371898E+00
  -0.6976080851768373E+00
   0.6090342492011438E+00
   0.7578897787443281E+00
   0.7566214490262112E+00
   0.2085916911118001E+01
  -0.9464916512063424E+00
   0.1242068985297801E+00
   0.1902468210780031E+00
   0.1109248517480837E+01
   0.2480100856730705E+00
  -0.2064614217678986E+00
   0.1709520173508276E+00
   0.2066005717726431E+01
   0.1311740890353195E+01
  -0.5173179008769092E+00
  -0.8902361772124047E+00
   0.1157403308808045E+01
  -0.1655249154122875E+01
   0.6440489684137775E-01
   0.1662974587624942E+01
   0.2127984909326857E+01
  -0.2363457534995567E+00
  -0.1055339053521313E+01
  -0.7600572069834285E+00
   0.1558177487164692E+01
  -0.1605314640370201E+01
   0.8878805346290304E-01
  -0.1577864434689326E+01
  -0.7251111512606819E+00
   0.5413305196203836E+00
  -0.4891994204712548E+00
   0.1179672142226183E+01
   0.7217051431362846E+00
  -0.2780694417705092E+00
  -0.6321847331546179E+00
  -0.8087999935277830E+00
   0.1652518245640779E+01
   0.1548603133453245E+01
   0.5192967806554684E+00
   0.9200415530787163E+00
   0.4772637466726465E+00
   0.3137889261390103E+00
   0.1223813085711486E+01
  -0.7563837172385802E-01
   0.8695724862351486E+00
   0.4442667433040211E+00
   0.2058700937829780E+00
  -0.2742605330170300E+00
  -0.9133933927530677E+00
   0.5368481232346634E+00
  -0.8390732914562845E+00
  -0.5137338215059897E+00
   0.1315491011630411E+01
  -0.5309841941711483E+00
   0.2170991046970622E+01
  -0.5888664456410446E+00
   0.4849857207207857E+00
   0.1385153317280923E+01
  -0.3278987068631478E+00
  -0.5087768079121013E+00
   0.4592359193895884E+00
  -0.1010356641420066E+01
  -0.9544192969922846E-01
  -0.7624586684392376E+00
   0.2242076901182981E-01
  -0.9647391923766394E-01
  -0.1223638038114948E+01
   0.2635813621315145E+00
  -0.7527129913897165E+00
  -0.7187645760399073E+00
  -0.6982301937885661E+00
  -0.1563788639566682E+01
  -0.3329822767657995E+00
   0.1229226160509786E+01
  -0.5157559953318446E+00
  -0.7919620146805014E+00
   0.3287321774044501E+00
   0.4419347455354705E+00
  -0.2976394372077439E+00
  -0.4501942081967705E+00
  -0.4470278551218803E+00
   0.6917836608218685E+00
   0.8828203064484718E+00
  -0.9109960674526567E-01
  -0.7595474636782003E+00
  -0.3272220845282807E+00
  -0.1106746428396757E+01
   0.1006679973540676E+01
  -0.9282935194445946E+00
  -0.3475748843298415E+00
   0.9425873812631909E+00
   0.1618657014936223E+00
  -0.1279755893848758E+01
  -0.3575481886640337E+01
  -0.5954704676256615E+00
  -0.1892321898144002E-02
  -0.6393702081829772E+00
   0.1310403602643318E+01
  -0.1756114266438592E+00
  -0.8014824229487574E+00
  -0.1694964085588306E+01
   0.2208624659603945E+01
  -0.1266429781647309E+01
   0.1009174068565151E+01
  -0.5908026893454281E-01
   0.1450322416919467E+00
   0.1097650261620413E+01
  -0.1103882232418962E+01
   0.3631233425910228E+00
  -0.4712022158754544E+00
  -0.1855841619459129E+01
  -0.7968846343883866E+00
  -0.8517195107146560E+00
   0.2099752750846960E-01
   0.4219239512556932E+00
   0.6259381458864050E+00
  -0.3659879149778849E+00
   0.6348143079138096E+00
  -0.1049078984005574E+01
   0.3831580629366132E+00
  -0.7268475795329590E+00
   0.6152195859920777E+00
   0.7100467715887147E+00
   0.1505740232953967E+01
  -0.3435625423144078E+01
  -0.5603940863916889E+00
  -0.3164944804065999E+01
  -0.7427450951080743E+00
  -0.2527901035407739E+01
   0.6273058743772958E+00
   0.3987707295656039E-01
   0.1922732954380247E+01
  -0.4563302864966542E+00
  -0.1117142186890286E+01
  -0.8852093858457830E+00
   0.1093458747498037E+01
   0.4193424955514174E+00
  -0.1785113141930285E+00
  -0.7421393281337429E+00
   0.4541100627073501E+00
  -0.1429985551911207E+01
   0.1450068080131078E+01
   0.1359669476710247E+01
   0.1329265273214403E+01
   0.7066921645139110E-01
   0.2100200928517601E+00
   0.5201473600678909E+00
  -0.3082064812398493E+00
  -0.9552252531476514E+00
   0.1568411207920420E+01
   0.1152864492795833E+01
   0.6799629425239606E+00
   0.2632303583414030E+00
  -0.4342955532243195E+00
  -0.5876099578806058E+00
  -0.1031332960772831E+00
   0.2535682049418672E-01
  -0.5494338791287693E-01
   0.1221489383194713E+01
   0.2717123185801715E+00
   0.5558459703211408E+00
  -0.9529143996693862E+00
  -0.1914297795758911E+01
   0.4731882744718660E+00
   0.1935239769411998E+00
   0.1614152155979656E+01
   0.1976432848084415E+00
  -0.4335746208905858E+00
  -0.1404214828247043E+01
   0.1486451194244717E+01
   0.6911453807611294E-01
  -0.6785063179532762E-01
  -0.4800557883350265E+00
   0.6772574966756763E+00
   0.4957925701826707E+00
  -0.4263896378444800E+00
  -0.1352811369737764E+01
  -0.5768433638963667E-01
  -0.1156861923603840E+01
   0.5301688508230783E+00
   0.4194343464193210E+00
   0.7953052929359936E-01
  -0.1204194767343723E+00
   0.1136787435138929E+01
  -0.2317844379679950E+00
  -0.7802128841798986E+00
  -0.7906579027970225E+00
   0.7185111822342727E+00
  -0.1479940557599438E+00
   0.3797587333056253E+00
  -0.1132818178227493E+00
  -0.1666150575381241E+01
  -0.7353053979018653E+00
  -0.2986172079580087E+00
   0.7055100881556748E+00
   0.1387715138697044E+00
   0.6734195153889626E+00
   0.1245422837831850E+01
   0.9325646500316791E+00
  -0.5559496770909000E+00
  -0.2017996466668617E+01
   0.8554904328671087E+00
   0.7705065314288612E+00
   0.1695961799542199E+00
  -0.1228928642790689E+01
   0.4081936982416173E+00
   0.5266542856686969E+00
   0.7889251108042158E+00
  -0.2819759916043663E+00
  -0.1288309636994043E+00
   0.2107432996098579E+00
  -0.4653964532263340E+00
   0.1358712196629073E+01
  -0.3000764967052359E+00
   0.1573406649557030E+01
  -0.3404474860361613E+00
   0.4475652935424166E+00
   0.7169938735502703E+00
  -0.2377128247682525E+01
  -0.5535081212512196E+00
   0.7264601849598804E+00
   0.5810671398537081E+00
   0.4364738351443873E+00
   0.1045677655818251E+01
  -0.9410375244488624E+00
  -0.9317227726607037E+00
   0.9863183111971071E+00
  -0.8472887998787862E-02
   0.3938253994343975E+00
  -0.5463284817933660E+00
  -0.2068143488606232E+01
  -0.1241942244616727E-01
   0.8556922336002858E+00
   0.1461881700462144E+01
   0.8202077567659143E+00
   0.4841231879404460E+00
   0.2626699456842497E+00
  -0.5095903709570250E+00
  -0.1505652961767861E+00
   0.3625047236526613E-01
  -0.8324667030224058E+00
  -0.2947076231143938E+00
  -0.6664048378578219E+00
   0.1698833426157986E+01
   0.3573842824888670E+00
  -0.5963432458903761E+00
   0.3650572146448635E+00
   0.1343039857978854E+00
  -0.9579599462725729E+00
   0.9105823471535551E+00
  -0.8242778718459732E+00
   0.2585104433096461E+00
  -0.5933752429180532E+00
   0.1071182077813970E+01
   0.2881685186857665E+01
  -0.1894051556227401E-01
   0.1847111844648621E+01
   0.2857010450606391E+00
  -0.1095727190267605E+01
  -0.1523070385567876E+01
  -0.2453686549938352E+01
  -0.8316682557959124E+00
   0.5436574882937404E+00
  -0.5566547878926372E+00
   0.4151933169538919E+00
  -0.1362657625797687E+01
   0.1684087392813287E+00
  -0.1047149879233317E+01
  -0.5546673855156760E-01
  -0.4239657536238551E+00
  -0.8526498858265655E+00
  -0.1766204925378592E+00
   0.1134593308761870E+01
   0.4335831496447141E+00
   0.9136372141371449E-01
   0.4898817709862316E+00
   0.1187585593475623E+00
  -0.2667079232661566E+00
   0.1640587366055091E+01
  -0.2143988282429644E+00
  -0.2184492219504415E+01
   0.1324689663267006E+01
   0.1512489428286244E+01
   0.9731666317299237E+00
   0.5561871162861882E+00
   0.1272823075643208E+01
  -0.1843353850165465E+00
  -0.2674067719743031E+00
   0.3356670655615187E+00
  -0.1582500271155133E+01
  -0.1065146447663830E+01
  -0.7294928082893102E+00
  -0.5176552544602361E+00
   0.4360902567369805E+00
   0.1162107919072594E+01
   0.1183755604442991E+01
   0.9624478835767374E+00
   0.5916712986516957E+00
  -0.7699853520220501E+00
  -0.1435597443166723E+01
  -0.8527743138141616E+00
   0.1146237467291597E+00
  -0.3691517127810273E+00
  -0.1018983783399898E+01
   0.1337116587950914E+01
   0.2207809633283214E+01
   0.1600280564511443E+01
  -0.2254408980772385E+00
   0.5420459616532111E+00
   0.1230584750799767E+00
  -0.1913890451112139E+00
   0.1047433799257663E+01
  -0.6423581106722396E+00
   0.1000718506833587E+01
  -0.7753165418915925E+00
  -0.7938459173617022E+00
   0.1984906248986926E+01
  -0.1461008770185593E+01
  -0.4126738491077415E+00
  -0.1253406453986903E+00
  -0.2006151005691393E+00
  -0.1567882505262276E+00
   0.2110474740563983E+01
  -0.1522653414086441E+01
   0.7981722727360046E+00
   0.1882885560520569E+01
  -0.1124297576987942E+01
   0.1569874624144372E+01
   0.2133002183574461E+01
  -0.2960470045478843E+00
   0.1478476579216368E+00
   0.8396000759862902E+00
   0.3202362812396677E+00
  -0.8327178006803308E-01
  -0.6818783131033632E+00
   0.5787055060786235E+00
   0.1098678504999761E+01
   0.1271580762296981E+01
   0.3892010644168786E+00
   0.1116207658466577E+01
  -0.1454976626451221E+01
   0.8830580113093092E+00
  -0.6708831650725252E+00
  -0.7862923271097123E+00
   0.1449984140496903E+00
   0.1864435695664379E+01
  -0.9959455926054231E+00
  -0.1241649136109763E+00
  -0.3563221181764214E+00
  -0.1035076069524469E+01
   0.1053367072106971E+00
  -0.1500057401915409E+01
   0.2992412949367097E+00
   0.1317554607075903E+01
  -0.5213316243359403E+00
  -0.3391389622148664E-01
  -0.1083165162570672E+01
   0.4968377064211631E+00
   0.1615980262571086E+01
   0.6528113196652110E+00
  -0.1029807685238489E+01
  -0.1513212991038188E+00
   0.1003499342802877E+01
   0.3082607219498815E+00
   0.8750616709805268E+00
   0.3669822910271117E+00
  -0.2940418776713752E+00
  -0.5746409209105680E-01
   0.6357524698812517E+00
  -0.4504755590274708E+00
   0.9155693213778702E+00
   0.1473467030410514E+00
  -0.4142795237568598E+00
  -0.2238771888224768E+00
  -0.3505661263961365E+00
  -0.3432899551830025E+00
  -0.1116587793704182E+01
  -0.1676289931129105E+00
  -0.4602893968402651E+00
   0.2439714956286536E+01
  -0.7750644977465475E-01
   0.1205576187333987E+01
  -0.1241971054239756E+01
   0.6928895251058445E+00
  -0.1852428744990065E+01
  -0.7181858689628259E+00
  -0.1096871398618473E-01
  -0.1214574388034255E+01
   0.8240257751301744E-01
  -0.1182484750210967E+01
   0.1721253890993997E+00
   0.1847260770513749E-01
   0.8759019060757944E+00
   0.7614114890377661E+00
  -0.7415636302113762E+00
   0.7065560665800082E+00
   0.1288873715302855E+01
   0.9115512024230019E+00
   0.3368617164518017E+00
  -0.1753410547954161E+01
   0.2798865282735817E+00
  -0.1120244904150971E-01
   0.2763642991616310E+00
   0.6564532703866597E+00
  -0.1310315513906777E+01
  -0.3583270923538091E+00
   0.9963037386318485E+00
  -0.2576283693161061E+00
   0.9771896440520417E+00
   0.8160585606948535E+00
   0.9562267143201526E-01
   0.8340375947941714E+00
  -0.7309782050012201E+00
   0.3895555890281049E-02
   0.4097530769663307E+00
  -0.2060421618660687E+00
   0.4472961312432452E+00
  -0.7222797012295828E+00
  -0.1080903009666847E+01
   0.3842815188901350E+00
   0.7589746014319702E-01
   0.7218275223734996E+00
   0.2141997016606547E+01
  -0.1522982260207802E-01
   0.2889597158059554E+00
  -0.5036293866261279E+00
  -0.6808872606950540E+00
  -0.2111658017339584E+01
  -0.3085356153224333E+00
  -0.3331902719614193E+00
   0.1388478582135524E+01
   0.2345710154747220E+00
   0.1609762039041845E+01
  -0.2503491226259085E+00
   0.9641530993149044E+00
  -0.7422524996745137E+00
   0.7713805373560616E+00
  -0.5951077903926558E+00
   0.7462444408202932E+00
   0.1681668229499597E+01
   0.1386815376648699E+01
  -0.2889070938107277E+00
  -0.1335444410026587E+01
   0.8338691762428051E-01
   0.1803514248517185E+00
  -0.1093877245464681E+01
  -0.9945051554438133E+00
   0.1480441490825225E+01
  -0.9959192233347377E+00
  -0.6052534161969755E+00
   0.1632002722971543E+00
   0.5783494058608996E-01
  -0.3855583114865668E+00
  -0.8201495482375476E+00
  -0.1324144998285137E+01
   0.2112500004988861E+01
   0.3023363841987382E+00
  -0.4682191917439796E+00
   0.1196071860365926E+01
  -0.4845404488756228E+00
  -0.1799706800493701E+01
  -0.9795924424437069E-01
   0.1313882663350908E+01
   0.7732086560921689E+00
   0.3877658972422594E+00
  -0.3120413579354415E+00
   0.7105220932245317E-01
   0.7084367538170698E+00
   0.2667953871624626E+00
  -0.1110493160860546E+01
   0.2728704042835789E+00
   0.2624182824198926E+00
  -0.4214966880350612E+00
  -0.7022032988797946E+00
  -0.6987139584078409E+00
   0.7531811138147848E-01
   0.2026138919649189E+01
  -0.1325775220952064E+01
  -0.3023978735447708E+00
  -0.1228461214336337E+00
   0.4304659072570500E+00
   0.6057126669500666E+00
  -0.3192535191972052E+00
  -0.1286504296386255E+01
   0.4929045223027226E+00
   0.3415856387193552E+00
   0.2449955063122584E+00
   0.6941207069915037E+00
   0.5783500022773931E+00
   0.2402325046671591E+00
   0.3414010685096273E+00
   0.4555365562848546E+00
   0.1951052766276656E+00
   0.5838027213952571E+00
  -0.3662649780514742E+00
   0.6257929401939405E+00
  -0.7938911352912029E+00
  -0.2569230574248373E+01
   0.2689342722875231E+00
  -0.2212530442421436E+01
  -0.6731455156965934E+00
  -0.2386141367674584E+00
  -0.2241745358625500E+00
  -0.8649710079707740E+00
   0.1488003518673264E+01
  -0.6785109914335580E+00
   0.4493725151818279E+00
  -0.6229500283169323E-01
   0.9070643957728334E+00
  -0.4819637523290225E+00
  -0.3218819105509643E+00
   0.7777880461880979E+00
   0.5288466287408761E+00
   0.1639143171243927E+00
   0.8705169432800688E+00
   0.9455852307036779E+00
   0.3174550766022725E+00
   0.1928494407268602E+00
   0.1182893467587071E+01
   0.8564584934731435E+00
   0.4000196151411036E+00
  -0.6717105376373563E+00
   0.9467427462961947E+00
   0.2633905465455051E+00
   0.1393200193312382E+01
   0.2126579440183340E+01
  -0.1062514419623555E+00
   0.7396550897808407E+00
  -0.3331027427639396E+00
   0.1858180790446413E+01
   0.9175552121821963E+00
   0.4958886854736602E+00
  -0.4730578264096516E+00
  -0.1189470096737487E+01
   0.2981804062215735E+00
   0.4459240695457657E-01
   0.1141823200245905E+01
  -0.2498727055897254E+00
   0.1884265584192951E+01
  -0.1436551891621512E+01
   0.3253643268101509E+00
   0.9817856393000338E-01
   0.1010872299179472E+00
   0.7354356068485173E+00
  -0.1211667539056002E+01
   0.1618202324196652E+01
   0.3997563720539270E-01
   0.9690030118739722E+00
  -0.3293403219488666E+00
  -0.1079163766945496E-01
  -0.4836935898250894E+00
   0.1389162636628213E+01
   0.3531494302304601E+00
  -0.6568088912095922E+00
   0.1834648734941751E+00
   0.2617182900536354E-01
   0.8290615331756714E+00
  -0.7706939780412387E+00
   0.3276579143405106E+00
   0.8974432875566827E+00
   0.1874688387703130E+01
   0.1462544330220419E+01
  -0.5773463069020264E+00
  -0.1819784282414612E+01
  -0.9314287654243021E+00
   0.3031633463159921E+00
  -0.3697244616377625E+00
   0.4597676730952300E+00
  -0.2773294423291068E+01
  -0.5804468713004673E+00
  -0.2915750679469306E+01
  -0.1325051222492077E+01
   0.2614886099774903E+01
   0.4023322914465532E-01
   0.1485869943689104E+01
  -0.1594728636957075E+00
   0.7570790821097192E+00
   0.4424169015795864E-01
  -0.1365000285159272E+00
   0.3678943335581685E+00
  -0.2506352171360708E+00
  -0.5570585090595993E+00
  -0.9214724769085703E+00
  -0.2213093830672309E+00
   0.7457186030003664E+00
  -0.1018521364902200E-01
  -0.8194608339301812E+00
   0.1409280129612838E+01
  -0.9685022132039742E-01
  -0.8510009733068344E+00
   0.3206830740311107E+00
   0.9672139679648294E-01
   0.6761974064123234E+00
   0.4959101227530940E+00
   0.1111389474940699E+01
   0.1986512853706119E+00
  -0.1210339381477229E+01
  -0.7583104948982076E+00
   0.1104417713253474E+01
  -0.8741045247996113E+00
   0.2449560175969747E+01
   0.4928982246196789E+00
   0.1554738168694090E+01
  -0.1502210291366453E-01
  -0.1806323580784712E+01
  -0.7816064469144746E+00
  -0.8871880742073759E+00
  -0.1306819161844453E+01
  -0.2602461737905506E+01
   0.6633394460442464E+00
  -0.3156819903066354E+00
  -0.1960569037528308E+00
   0.6180922831944613E+00
   0.3788815490137593E+00
   0.1282106421378325E+01
   0.6551997391189788E+00
  -0.6867436857095875E+00
   0.7247692063301070E+00
  -0.1534894316274434E+01
  -0.4316163258485875E+00
   0.9255226458259043E+00
  -0.1723492850421382E+00
   0.6920856961016789E+00
   0.1389657307254655E+01
   0.7012197352383283E+00
  -0.8706602608050151E+00
  -0.2163598281282390E+00
   0.1396927218441943E+01
  -0.1286233552488590E+00
   0.7650782015781896E+00
  -0.4583625821373422E+00
  -0.1212882662306707E+01
   0.1649289548133150E+01
  -0.8508322889478962E+00
   0.7867092560894183E-01
   0.1418852318845126E+00
  -0.1500544052924346E+01
  -0.7275141379069614E+00
  -0.7578205540181145E+00
  -0.1305946188487514E+01
   0.2789084970462041E+00
   0.4970203209913620E+00
  -0.1023059806924381E+01
   0.5292409355513144E+00
  -0.1935487035541255E+01
   0.3688360373504796E+00
   0.3080897813118430E-01
  -0.4382544028221306E+00
  -0.4248121611955213E+00
  -0.5710170254958994E+00
  -0.1977270374780386E+01
   0.1121178185749012E+01
  -0.1009672523070112E+01
  -0.1129239644636970E+01
   0.8908054061983923E+00
  -0.6186834476845536E+00
   0.3369360064468109E+00
   0.4080579165757333E+00
  -0.1434658616314702E+00
  -0.9015842752621172E+00
  -0.7947744262006392E+00
   0.9700011966241966E+00
   0.4114736256482386E+00
   0.8272069790071881E+00
   0.1724636549719975E+01
  -0.1581543346379389E+00
  -0.1194741189736820E+01
  -0.6170770038754131E+00
   0.7745683605649601E+00
   0.1202363153704044E+01
   0.3466600420848652E+00
  -0.9629230860120668E+00
   0.4922053390188779E+00
   0.1959946478435160E+01
   0.6832863792404780E+00
  -0.1541480652962780E+01
   0.1193364106360008E+01
   0.4050493598719809E-01
   0.1413654505979023E+01
  -0.8868213892627460E+00
   0.6337748832779638E+00
   0.4136292992603520E+00
  -0.2806018206484155E+00
  -0.2740315320856005E+00
  -0.1679139297623394E+01
  -0.2417798847817527E+01
  -0.6205030645553267E-01
   0.1995266635917187E+01
   0.1463466834266275E+01
   0.1658436826238711E+01
  -0.1117334948777776E+01
  -0.7743697008946003E+00
  -0.1679245348039083E+01
  -0.7730837674863591E+00
  -0.1437828816468318E+00
   0.4236856209964937E+00
   0.1575773313658504E+01
  -0.3475178832073532E+00
   0.3803845195978114E+00
  -0.9043791505663853E+00
   0.3049769133277465E+00
  -0.6404359558442272E+00
  -0.1473187870432369E+00
   0.4210544412901391E+00
  -0.6726406819873769E+00
  -0.1034787641737142E+01
   0.1958421233915637E+00
  -0.1539110842332458E+01
  -0.9164275554614010E+00
  -0.1153068123516727E+01
   0.1135060543855224E+01
  -0.1969942653947425E+01
   0.1542393778583100E+01
   0.5841075588018974E+00
   0.3174907284554767E+00
  -0.3269014461901109E+00
   0.1715769759035650E+01
   0.8855657684110964E+00
   0.2369516560937553E+01
  -0.1663711359535828E+01
  -0.1069264346848557E+01
   0.3415379897807231E+00
   0.1202554314764802E+01
   0.1325470512435789E+01
  -0.4123174820460737E+00
   0.2070874119341757E+00
   0.8539928325638786E+00
   0.7761085351654021E+00
  -0.1349377391214944E+01
   0.1698440803898499E+01
  -0.1223118417751405E+00
   0.4176192516184304E+00
   0.1529493032321806E+01
  -0.1283532427347896E+01
  -0.8193383459454235E+00
   0.1429175404508775E+00
  -0.4337172517260481E+00
   0.2881435649672019E+00
   0.1107673821658228E+01
  -0.2924122619234085E+00
  -0.1443882915495177E+01
  -0.5627759231847197E+00
   0.1613933840928457E+01
  -0.7339450548838451E+00
   0.8789852347281287E+00
  -0.7590137995993004E+00
   0.1281751536230034E+01
   0.1153595461743070E+01
  -0.5576880972488771E+00
  -0.2467263408086889E+01
  -0.4078327939115870E-01
  -0.5109691022483071E-01
  -0.4720784710295926E+00
   0.1622346192900687E+01
  -0.3262947178062556E-01
  -0.1660000899860169E+01
   0.2456426068781550E+00
  -0.1414313506528246E+00
   0.1988798552487898E+01
   0.1736857966120259E+01
  -0.3541490543843118E+00
   0.4531564852020399E+00
   0.7036948571039167E+00
   0.5362524270824949E+00
   0.1198091209223809E+01
  -0.4804642526548931E+00
   0.6988180067225359E+00
  -0.8671159116827409E+00
  -0.1094310498454515E+01
   0.6525963653225236E+00
   0.1031760057445261E+01
  -0.1054739584407727E+01
   0.1611170426401388E-01
   0.2517415838289419E+00
  -0.1570696935018151E+01
   0.1764866814160565E+01
   0.4923842373148564E+00
   0.6386518932571660E+00
   0.8992794033747630E+00
   0.6309756450990245E+00
  -0.6862946817289270E+00
   0.1217813940700397E+00
  -0.2221250253772104E+01
  -0.1665600416035631E+00
   0.1204134172775953E+01
   0.1041724128370793E+01
  -0.8566123043279490E+00
   0.1558065327624708E+01
  -0.9344349947479643E+00
   0.5256647579499294E+00
   0.8257489413506272E+00
   0.6927070587963881E+00
  -0.1391144589958475E+01
  -0.5751254023034473E+00
  -0.5682837822345068E+00
   0.1243718316231527E+01
   0.3614944860739973E+00
   0.3094818379540621E+00
   0.2647845425040876E+01
  -0.5359706983690535E-01
  -0.1239902500639852E+00
  -0.5223644450912139E+00
  -0.1168647043883524E+01
   0.3544550352795208E+00
   0.1723059924188462E+01
  -0.1005202824430896E+01
   0.7962104284611887E+00
  -0.4767208131050815E+00
  -0.6483953189443875E+00
  -0.3444616281726036E+00
   0.6312851950671344E+00
   0.8018678057334719E+00
   0.5996038671266346E+00
   0.2522429640294889E+01
   0.5243244950366729E+00
  -0.1083845374701028E+01
   0.2145079227278727E+00
  -0.9521798943037190E+00
   0.9042295807534888E+00
   0.6649219117736200E+00
  -0.2536125930425079E+00
  -0.2518471334925496E+01
   0.7532293919349686E+00
  -0.1110969080464202E+01
  -0.1643431651793755E+01
  -0.2713870197990652E+00
  -0.1410365014443107E+01
  -0.6194335716198874E+00
  -0.1352207002262833E-01
  -0.1019492938110212E+01
  -0.2540645105245848E+00
   0.2548716809916508E+00
   0.5661919106640868E+00
   0.1079493880891014E+01
   0.2662491665672106E+01
   0.2512636858310718E+01
  -0.2186736708858320E+00
   0.2222674746696004E+01
   0.6064544128664975E+00
   0.7033282899761580E+00
  -0.5893940476751496E+00
   0.2660474391612140E+00
  -0.3158697310582792E+00
  -0.5615843840702721E+00
   0.7437248575198961E+00
  -0.5186466402916321E+00
   0.6320141399102674E-01
   0.2012788743149050E+01
  -0.1166280117539827E+01
   0.6750387413318505E+00
  -0.7453374891042915E+00
  -0.4074271079986765E+00
  -0.2099847499330163E+00
   0.7983205539920026E+00
  -0.1179878266802588E+01
  -0.3787424317443057E+00
   0.9596282561843468E+00
  -0.3154458403358741E+00
  -0.4594188216441177E-01
   0.4068027983274764E+00
  -0.8723488202960092E-01
  -0.3956298303886560E+00
   0.2079712195065146E+00
  -0.8725953415222144E-01
  -0.3037073077480890E+00
  -0.8936363437074858E+00
   0.2706264750709060E+00
  -0.8457222058735343E+00
  -0.1345622863875648E+01
   0.7915041949432343E+00
  -0.3784288851637861E+00
  -0.3909810455990969E+00
  -0.8123911763449386E+00
   0.1040094308433573E+01
  -0.7899786482503636E+00
   0.2275511745517730E+00
   0.3035935943567385E+01
   0.1097006585999034E+01
   0.1581183075200669E+00
   0.5579331853379349E+00
  -0.7023806667832517E+00
  -0.6884023204655100E+00
  -0.2089306766525043E+00
  -0.1361214769034437E+01
  -0.8924047546102312E+00
   0.1490863935522065E+01
   0.5455701104082118E+00
  -0.2035907077391105E+01
  -0.1735285116313625E+01
  -0.4590186875229822E+00
  -0.1460473255122165E+01
   0.7228644485707691E+00
   0.2085082378814384E-01
   0.1876490107803376E-01
   0.2437665243881178E+00
   0.8421368544017718E+00
   0.9636666975487818E+00
   0.3047460787939052E+01
  -0.1348680416962729E+01
  -0.6196534209706667E+00
  -0.1419831123606476E-01
  -0.8881863791290314E+00
  -0.1920594790069934E+01
  -0.1008095396629275E+01
   0.9517544693399566E+00
   0.1148649670433256E-02
  -0.1373609287113061E+01
   0.1821146898894426E+01
  -0.3367239381775839E+00
   0.1047479529809267E+01
  -0.1342085875455960E+00
   0.1607446399108761E+01
  -0.1870638527809465E+01
   0.3742811437986363E+00
   0.4623831923690935E+00
  -0.6377598417610529E+00
  -0.5809333505100454E+00
  -0.2302512083723179E+00
   0.3147082527378243E+00
  -0.7653447062473490E+00
  -0.1321582891712892E+01
   0.6122249480970882E-01
   0.2881163354515234E-01
  -0.2561510539938390E+00
   0.8868478300471656E+00
   0.1179155776180109E+01
   0.8017626233943440E-01
  -0.6271984679659726E+00
   0.1592016243117121E+00
  -0.4610650413537439E-01
   0.2327965444460158E+00
   0.1088491000924557E+01
  -0.1479522483969651E+01
